0 0.02 0 1 0 0 1 1
0 0.02 0 1 0 0 1 2
0 0.02 0 1 0 0 1 3
0 0.02 0 1 0 0 1 4
0 0.02 0 1 0 0 1 5
0 0.02 0 1 0 0 1 6
0 0.02 0 1 0 0 1 7
0 0.02 0 1 0 0 1 8
0 0.02 0 1 0 0 1 9
0 0.02 0 1 0 0 1 10
0 0.02 0 5 0 0 1 1
0 0.02 0 5 0 0 1 2
0 0.02 0 5 0 0 1 3
0 0.02 0 5 0 0 1 4
0 0.02 0 5 0 0 1 5
0 0.02 0 5 0 0 1 6
0 0.02 0 5 0 0 1 7
0 0.02 0 5 0 0 1 8
0 0.02 0 5 0 0 1 9
0 0.02 0 5 0 0 1 10
-0.02 0.02 0 5 0 0 1 1
-0.02 0.02 0 5 0 0 1 2
-0.02 0.02 0 5 0 0 1 3
-0.02 0.02 0 5 0 0 1 4
-0.02 0.02 0 5 0 0 1 5
-0.02 0.02 0 5 0 0 1 6
-0.02 0.02 0 5 0 0 1 7
-0.02 0.02 0 5 0 0 1 8
-0.02 0.02 0 5 0 0 1 9
-0.02 0.02 0 5 0 0 1 10
