0 0.02 0 1 0 0 0
0 0.02 0.5 1 0 0 0
0 0.02 0.9 1 0 0 0
0 0.02 0.99 1 0 0 0
0 0.02 0.999 1 0 0 0
0 0.02 0 5 0 0 0
0 0.02 0.5 5 0 0 0
0 0.02 0.9 5 0 0 0
0 0.02 0.99 5 0 0 0
0 0.02 0.999 5 0 0 0
0 0.02 0 1 0 1 0
0 0.02 0.5 1 0 1 0
0 0.02 0.9 1 0 1 0
0 0.02 0.99 1 0 1 0
0 0.02 0.999 1 0 1 0
-0.02 0.02 0 1 0 0 0
-0.02 0.02 0.5 1 0 0 0
-0.02 0.02 0.9 1 0 0 0
-0.02 0.02 0.99 1 0 0 0
-0.02 0.02 0.999 1 0 0 0
-0.02 0.2 0 1 0 0 0
-0.02 0.2 0.5 1 0 0 0
-0.02 0.2 0.9 1 0 0 0
-0.02 0.2 0.99 1 0 0 0
-0.02 0.2 0.999 1 0 0 0
0 0.02 0 1 0 0 1
0 0.02 0 5 0 0 1
-0.02 0.02 0 1 0 0 1
